-12.693644 -38.604972 17.351291 
-12.720994 -38.415766 17.291891 
-12.749215 -38.226313 17.233718 
-12.778403 -38.036586 17.176909 
-12.807963 -37.847131 17.119391 
-12.837818 -37.658244 17.060217 
-12.868050 -37.470114 16.998828 
-12.900986 -37.283619 16.933962 
-12.936709 -37.098091 16.867885 
-12.976539 -36.913856 16.800456 
-13.024179 -36.731454 16.733191 
-13.076115 -36.549802 16.667162 
-13.133868 -36.369016 16.603471 
-13.197536 -36.188462 16.545091 
-13.264002 -36.007614 16.491035 
-13.334079 -35.825943 16.444558 
-13.404886 -35.642320 16.408375 
-13.474433 -35.457185 16.377894 
-13.538131 -35.268575 16.356814 
-13.593356 -35.076818 16.343744 
-13.643154 -34.883120 16.335846 
-13.680805 -34.686555 16.340305 
-13.714091 -34.489362 16.347157 
-13.741249 -34.291287 16.357370 
-13.762686 -34.092457 16.365805 
-13.781904 -33.893339 16.373176 
-13.797625 -33.693796 16.376459 
-13.812617 -33.494188 16.377418 
-13.826795 -33.294509 16.375777 
-13.839948 -33.094953 16.367331 
-13.852444 -32.895578 16.355135 
-13.863523 -32.696677 16.335359 
-13.874045 -32.498413 16.310035 
-13.884536 -32.300533 16.281631 
-13.896612 -32.103216 16.250078 
-13.911393 -31.905894 16.219832 
-13.928380 -31.708551 16.190886 
-13.950911 -31.510878 16.168678 
-13.976440 -31.313154 16.151443 
-14.004800 -31.115381 16.138906 
-14.038772 -30.918117 16.137514 
-14.074098 -30.721182 16.140938 
-14.111209 -30.524736 16.151285 
-14.146541 -30.328295 16.166479 
-14.180445 -30.131694 16.182888 
-14.209871 -29.934324 16.198850 
-14.235960 -29.736395 16.213276 
-14.259482 -29.538035 16.226521 
-14.279242 -29.339360 16.241102 
-14.299063 -29.140924 16.258235 
-14.319307 -28.942975 16.280183 
-14.343925 -28.746764 16.310668 
-14.370654 -28.551420 16.345206 
-14.407346 -28.361325 16.396130 
-14.447142 -28.173582 16.452196 
-14.494457 -27.991535 16.520719 
-14.546376 -27.813868 16.596340 
-14.603165 -27.640834 16.679465 
-14.664073 -27.472525 16.768822 
-14.727759 -27.307400 16.862382 
-14.793128 -27.145640 16.960445 
-14.859453 -26.985792 17.061067 
-14.925382 -26.827912 17.164960 
-14.991074 -26.671211 17.270814 
-15.055454 -26.515370 17.378699 
-15.118853 -26.360170 17.488102 
-15.180604 -26.205042 17.598527 
-15.240681 -26.049986 17.709988 
-15.298913 -25.894547 17.821872 
-15.354548 -25.738571 17.934351 
-15.408492 -25.581909 18.046673 
-15.459179 -25.423930 18.158694 
-15.508601 -25.265041 18.269959 
-15.555009 -25.103984 18.379423 
-15.600189 -24.941548 18.487291 
-15.642607 -24.776014 18.591573 
-15.683237 -24.608210 18.692769 
-15.721314 -24.437161 18.789556 
-15.756311 -24.263314 18.882335 
-15.789464 -24.087793 18.972715 
-15.817095 -23.910777 19.062017 
-15.842680 -23.733869 19.152098 
-15.863745 -23.557588 19.244602 
-15.881732 -23.382754 19.340359 
-15.897606 -23.208911 19.438349 
-15.910057 -23.037820 19.541515 
-15.921669 -22.867412 19.645908 
-15.931179 -22.698720 19.753278 
-15.939585 -22.530913 19.862093 
-15.946691 -22.364146 19.972608 
-15.951202 -22.200160 20.087295 
-15.954783 -22.037184 20.203483 
-15.954251 -21.879379 20.326661 
-15.952825 -21.722822 20.451347 
-15.948224 -21.570688 20.581384 
-15.942362 -21.420321 20.713349 
-15.934099 -21.273316 20.848983 
-15.924428 -21.127972 20.986263 
-15.912645 -20.985116 21.126008 
-15.899449 -20.843576 21.266935 
-15.884235 -20.703915 21.409549 
-15.867741 -20.565303 21.553024 
-15.849423 -20.428187 21.697727 
-15.829714 -20.292257 21.843345 
-15.808156 -20.157905 21.990178 
-15.785110 -20.025139 22.138200 
-15.760328 -19.894227 22.287609 
-15.734418 -19.765059 22.438320 
-15.707332 -19.637713 22.590387 
-15.679295 -19.512316 22.743875 
-15.650337 -19.388812 22.898741 
-15.620769 -19.267350 23.055080 
-15.590615 -19.147858 23.212838 
-15.560099 -19.030213 23.371892 
-15.529191 -18.914555 23.532340 
-15.498090 -18.800443 23.693838 
-15.466725 -18.688437 23.856769 
-15.435286 -18.577627 24.020487 
-15.403694 -18.469282 24.185832 
-15.372067 -18.361541 24.351556 
-15.340266 -18.256694 24.519100 
-15.308466 -18.151846 24.686645 
-15.276981 -18.049813 24.855975 
-15.245513 -17.947919 25.025394 
-15.214142 -17.847867 25.195918 
-15.182819 -17.748723 25.366988 
-15.151553 -17.650383 25.538526 
-15.120398 -17.553643 25.710997 
-15.089244 -17.456904 25.883468 
-15.058633 -17.362006 26.057055 
-15.028045 -17.267189 26.230691 
-14.997656 -17.173349 26.404889 
-14.967436 -17.080338 26.579564 
-14.937234 -16.987472 26.754317 
-14.907222 -16.896153 26.929917 
-14.877210 -16.804833 27.105518 
-14.847429 -16.714310 27.281567 
-14.817807 -16.624329 27.457923 
-14.788220 -16.534426 27.634324 
-14.759059 -16.445498 27.811289 
-14.729898 -16.356570 27.988255 
-14.700957 -16.268129 28.165500 
-14.672207 -16.180112 28.342988 
-14.643456 -16.092096 28.520475 
-14.614855 -16.004992 28.698437 
-14.586256 -15.917905 28.876407 
-14.557683 -15.831156 29.054545 
-14.529148 -15.744878 29.232920 
-14.500613 -15.658601 29.411294 
-14.472240 -15.572772 29.589910 
-14.443898 -15.487030 29.768573 
-14.415604 -15.401380 29.947287 
-14.387450 -15.316005 30.126156 
-14.359296 -15.230631 30.305024 
-14.331234 -15.145416 30.483983 
-14.303219 -15.060283 30.662989 
-14.275209 -14.975158 30.841999 
-14.247267 -14.890146 31.021073 
-14.219325 -14.805135 31.200148 
-14.191314 -14.720190 31.379243 
-14.163227 -14.635319 31.558362 
-14.135141 -14.550449 31.737480 
-14.106817 -14.465653 31.916597 
-14.078463 -14.380867 32.095714 
-14.050051 -14.296048 32.274806 
-14.021506 -14.211157 32.453842 
-13.992960 -14.126265 32.632878 
-13.964288 -14.041239 32.811830 
-13.935565 -13.956159 32.990749 
-13.906813 -13.871042 33.169645 
-13.877847 -13.785650 33.348375 
-13.848880 -13.700258 33.527106 
-13.819707 -13.614599 33.705674 
-13.790338 -13.528683 33.884087 
-13.760968 -13.442768 34.062501 
-13.730917 -13.356299 34.240533 
-13.700815 -13.269789 34.418537 
-13.670381 -13.183047 34.596370 
-13.639448 -13.095959 34.773948 
-13.608515 -13.008870 34.951527 
-13.576991 -12.921200 35.128715 
-13.545405 -12.833469 35.305861 
-13.513545 -12.745430 35.482806 
-13.481292 -12.656948 35.659458 
-13.449040 -12.568466 35.836110 
-13.415975 -12.479271 36.012253 
-13.382836 -12.390011 36.188349 
-13.349217 -12.300420 36.364184 
-13.314956 -12.210385 36.539670 
-13.280696 -12.120350 36.715156 
-13.245429 -12.029514 36.890029 
-13.210097 -11.938625 37.064861 
-13.174315 -11.847353 37.239400 
-13.137966 -11.755595 37.413568 
-13.101618 -11.663837 37.587737 
-13.064047 -11.571289 37.761226 
-13.026382 -11.478680 37.934663 
-12.988127 -11.385677 38.107757 
-12.948999 -11.292093 38.280344 
-12.909872 -11.198509 38.452932 
-12.869248 -11.103989 38.624660 
-12.828422 -11.009343 38.796272 
-12.786765 -10.914284 38.967451 
-12.743732 -10.818545 39.137914 
-12.700700 -10.722805 39.308376 
-12.655523 -10.626006 39.477679 
-12.610122 -10.529095 39.646861 
-12.563504 -10.431750 39.815455 
-12.515511 -10.333913 39.983383 
-12.467355 -10.236032 40.151238 
-12.416660 -10.137474 40.317947 
-12.365964 -10.038916 40.484655 
-12.313363 -9.940027 40.650568 
-12.259816 -9.840974 40.816088 
-12.205319 -9.741889 40.981270 
-12.148493 -9.642726 41.145626 
-12.091667 -9.543564 41.309982 
-12.031426 -9.444440 41.473139 
-11.970928 -9.345320 41.636204 
-11.907763 -9.246599 41.798484 
-11.842844 -9.148142 41.960247 
-11.776380 -9.050053 42.121587 
-11.706679 -8.952732 42.282042 
-11.636535 -8.855521 42.442363 
-11.561937 -8.759409 42.601338 
-11.487340 -8.663296 42.760313 
-11.407134 -8.568979 42.917612 
-11.326373 -8.474839 43.074745 
-11.239128 -8.382851 43.229633 
-11.150408 -8.291353 43.384010 
-11.053338 -8.202702 43.534932 
-10.954336 -8.114745 43.685034 
-10.843418 -8.031826 43.829591 
-10.727464 -7.951926 43.971660 
-10.603744 -7.876683 44.109888 
-10.470336 -7.810073 44.243374 
-10.332328 -7.749088 44.374801 
-10.190661 -7.693674 44.504919 
-10.048647 -7.643450 44.636772 
-9.911050 -7.594775 44.773725 
-9.776992 -7.546777 44.914356 
-9.648974 -7.499183 45.060717 
-9.523987 -7.452576 45.209949 
-9.400886 -7.406581 45.360966 
-9.278248 -7.363672 45.513257 
-9.155373 -7.321754 45.665628 
-9.030362 -7.284127 45.817390 
-8.903847 -7.248595 45.968369 
-8.774829 -7.216547 46.118045 
-8.644010 -7.187497 46.266743 
-8.512319 -7.159896 46.414970 
-8.379537 -7.134747 46.562659 
-8.246475 -7.109936 46.710150 
-8.112728 -7.085906 46.857152 
-7.979007 -7.061788 47.004164 
-7.845308 -7.037597 47.151183 
-7.712718 -7.012369 47.299028 
-7.580478 -6.986815 47.447132 
-7.449419 -6.959634 47.595993 
-7.318491 -6.932271 47.744938 
-7.186396 -6.903506 47.892582 
-7.054255 -6.874685 48.040174 
-6.918814 -6.844359 48.184436 
-6.783236 -6.813970 48.328551 
-6.643547 -6.781675 48.468263 
-6.503453 -6.749214 48.607515 
-6.359044 -6.714975 48.741862 
-6.214077 -6.680301 48.875478 
-6.066703 -6.643750 49.005940 
-5.919465 -6.605892 49.136167 
-5.772526 -6.565158 49.265879 
-5.626348 -6.522403 49.395773 
-5.481269 -6.476724 49.525930 
-5.337070 -6.429144 49.656364 
-5.193926 -6.379287 49.787129 
-5.051668 -6.327939 49.918268 
-4.910486 -6.274779 50.049862 
-4.769628 -6.220487 50.181334 
-4.629264 -6.164476 50.312620 
-4.488613 -6.107430 50.443138 
-4.347337 -6.048126 50.571976 
-4.205661 -5.987848 50.699896 
-4.062691 -5.924428 50.824848 
-3.919417 -5.860221 50.949023 
-3.774786 -5.792504 51.069736 
-3.629938 -5.724149 51.189810 
-3.483940 -5.652393 51.306475 
-3.337771 -5.580004 51.422517 
-3.190695 -5.504228 51.535220 
-3.043462 -5.427774 51.647240 
-2.895520 -5.348250 51.756163 
-2.747296 -5.268124 51.864241 
-2.598109 -5.185942 51.969431 
-2.448284 -5.103546 52.073522 
-2.296964 -5.020648 52.175037 
-2.144428 -4.938127 52.275001 
-1.990115 -4.856159 52.372694 
-1.833626 -4.774633 52.467182 
-1.675385 -4.693463 52.559087 
-1.513971 -4.612052 52.644984 
-1.351474 -4.530541 52.728797 
-1.185904 -4.447888 52.805156 
-1.019765 -4.364668 52.879579 
-0.852462 -4.280293 52.950048 
-0.684584 -4.195049 53.018034 
-0.516413 -4.109365 53.084760 
-0.348048 -4.023279 53.150467 
-0.179647 -3.937198 53.216094 
-0.011188 -3.851128 53.281582 
0.157733 -3.765814 53.346868 
0.326925 -3.680993 53.412092 
0.497628 -3.599521 53.477652 
0.669568 -3.519944 53.542229 
0.843422 -3.443301 53.605285 
1.020453 -3.369258 53.662159 
1.199046 -3.296233 53.715371 
1.380477 -3.224054 53.759511 
1.563308 -3.152039 53.797371 
1.747271 -3.080320 53.830288 
1.933458 -3.011020 53.854933 
2.120317 -2.943385 53.879056 
2.307629 -2.877049 53.903269 
2.494400 -2.811480 53.933150 
2.680358 -2.746327 53.968194 
2.865667 -2.681516 54.007372 
3.048918 -2.620022 54.059459 
3.231066 -2.560664 54.117075 
3.411561 -2.504507 54.182977 
3.590158 -2.452091 54.256494 
3.768026 -2.401094 54.332887 
3.943944 -2.353379 54.415662 
4.119697 -2.306584 54.499283 
4.295034 -2.262116 54.585044 
4.470673 -2.220418 54.671531 
4.646586 -2.181223 54.758673 
4.822874 -2.146588 54.846943 
4.999273 -2.113416 54.935588 
5.175661 -2.084966 55.025883 
5.351878 -2.057328 55.116749 
5.527647 -2.031816 55.209105 
5.703297 -2.007187 55.301922 
5.878840 -1.983357 55.395154 
6.054554 -1.960819 55.488383 
6.230277 -1.938674 55.581690 
6.404593 -1.917078 55.677726 
6.577979 -1.895235 55.775328 
6.748806 -1.872712 55.877241 
6.918731 -1.850096 55.980614 
7.087591 -1.827372 56.085711 
7.256375 -1.805551 56.191117 
7.425115 -1.784273 56.296709 
7.592846 -1.764886 56.404243 
7.760312 -1.745998 56.512288 
7.926400 -1.730093 56.622905 
8.092458 -1.714680 56.733637 
8.259013 -1.702544 56.844034 
8.425920 -1.691120 56.953963 
8.593893 -1.681847 57.062474 
8.761858 -1.673279 57.171051 
8.929814 -1.665633 57.279715 
9.097152 -1.659064 57.389390 
9.264115 -1.653148 57.499679 
9.431076 -1.648188 57.610017 
9.598037 -1.643460 57.720368 
9.766891 -1.638319 57.827779 
9.936284 -1.632956 57.934308 
10.107785 -1.626713 58.037380 
10.280092 -1.619711 58.139028 
10.453455 -1.611714 58.238811 
10.627492 -1.601965 58.337243 
10.801843 -1.591405 58.435048 
10.976790 -1.578056 58.531433 
11.151789 -1.563965 58.627615 
11.326834 -1.547532 58.723345 
11.501108 -1.530335 58.820324 
11.674403 -1.512171 58.918886 
11.846162 -1.494102 59.020093 
12.017155 -1.476080 59.122621 
12.186700 -1.458769 59.227641 
12.355957 -1.441615 59.333152 
12.523997 -1.425359 59.440733 
12.691881 -1.409117 59.548559 
12.859214 -1.392922 59.657245 
13.026531 -1.375999 59.765842 
13.193820 -1.357897 59.874295 
13.361523 -1.338212 59.981814 
13.529587 -1.317150 60.088521 
13.698431 -1.293907 60.193512 
13.867626 -1.269686 60.297733 
14.037001 -1.243057 60.401063 
14.206412 -1.215994 60.504227 
14.376296 -1.186967 60.606071 
14.546489 -1.157604 60.707286 
14.718243 -1.126539 60.805321 
14.890532 -1.094441 60.902046 
15.063864 -1.060325 60.996213 
15.237277 -1.024223 61.089465 
15.410761 -0.986344 61.181897 
15.583883 -0.945614 61.273776 
15.756860 -0.903737 61.365431 
15.929041 -0.857302 61.456372 
16.101082 -0.810009 61.547141 
16.272383 -0.757395 61.636377 
16.443652 -0.703897 61.725126 
16.614796 -0.646992 61.811999 
16.786145 -0.589247 61.897890 
16.957855 -0.530022 61.982055 
17.129801 -0.470465 62.065494 
17.301959 -0.410610 62.148287 
17.473789 -0.351055 62.231969 
17.645477 -0.291629 62.316035 
17.816119 -0.233281 62.402927 
17.986582 -0.175117 62.490305 
18.154953 -0.118572 62.582654 
18.323137 -0.062168 62.675423 
18.488934 -0.007559 62.773426 
18.654639 0.046845 62.871691 
18.819241 0.098796 62.973095 
18.983923 0.150506 63.074488 
19.149807 0.198558 63.175723 
19.315806 0.246404 63.276864 
19.483988 0.290298 63.376179 
19.652354 0.333971 63.475268 
19.823801 0.373970 63.570564 
19.995694 0.413565 63.665183 
20.171785 0.449360 63.753423 
20.348795 0.484283 63.840053 
20.529807 0.515415 63.919683 
20.711846 0.544952 63.997469 
20.895970 0.571252 64.071509 
21.080627 0.593748 64.145375 
21.265822 0.612404 64.219065 
21.450778 0.623027 64.294692 
21.635612 0.629588 64.371298 
21.818044 0.626098 64.453462 
21.999937 0.620353 64.536872 
22.179722 0.609579 64.624240 
22.359336 0.598398 64.711927